index	word	weight	parent	lchild	rchild	code
0	+	186	49	-1	-1	111
1	A	64	44	-1	-1	1010
2	B	13	32	-1	-1	100000
3	C	22	36	-1	-1	00000
4	D	32	38	-1	-1	10110
5	E	103	47	-1	-1	010
6	F	21	35	-1	-1	110011
7	G	15	32	-1	-1	100001
8	H	47	40	-1	-1	0001
9	I	57	42	-1	-1	0110
10	J	1	27	-1	-1	1100001000
11	K	5	30	-1	-1	11000011
12	L	32	38	-1	-1	10111
13	M	20	35	-1	-1	110010
14	N	57	42	-1	-1	0111
15	O	63	43	-1	-1	1001
16	P	15	33	-1	-1	100010
17	Q	1	27	-1	-1	1100001001
18	R	48	41	-1	-1	0010
19	S	51	41	-1	-1	0011
20	T	80	45	-1	-1	1101
21	U	23	36	-1	-1	00001
22	V	8	31	-1	-1	1100000
23	W	18	34	-1	-1	110001
24	X	1	28	-1	-1	1100001010
25	Y	16	33	-1	-1	100011
26	Z	1	28	-1	-1	1100001011
27	0	2	29	10	17
28	0	2	29	24	26
29	0	4	30	27	28
30	0	9	31	29	11
31	0	17	34	22	30
32	0	28	37	2	7
33	0	31	37	16	25
34	0	35	39	31	23
35	0	41	39	13	6
36	0	45	40	3	21
37	0	59	43	32	33
38	0	64	44	4	12
39	0	76	45	34	35
40	0	92	46	36	8
41	0	99	46	18	19
42	0	114	47	9	14
43	0	122	48	37	15
44	0	128	48	1	38
45	0	156	49	39	20
46	0	191	50	40	41
47	0	217	50	5	42
48	0	250	51	43	44
49	0	342	51	45	0
50	0	408	52	46	47
51	0	592	52	48	49
52	0	1000	-1	50	51
